//square with line cross           


#x   ,   y,   z, yaw, sleep
            [0.0 , 1, 2, 0, 10],
            [-0.05 , 1, 2, 0, 0.1],
            [-0.1 , 1, 2, 0, 0.1],
            [-0.15 , 1, 2, 0, 0.1],
            [-0.2 , 1, 2, 0, 0.1],
            [-0.25 , 1, 2, 0, 0.1],
            [-0.3 , 1, 2, 0, 0.1],
            [-0.35 , 1, 2, 0, 0.1],
            [-0.4 , 1, 2, 0, 0.1],
            [-0.45 , 1, 2, 0, 0.1],
            [-0.5 , 1, 2, 0, 0.1],
            [-0.55 , 1, 2, 0, 0.1],
            [-0.6 , 1, 2, 0, 0.1],
            [-0.65 , 1, 2, 0, 0.1],
            [-0.7 , 1, 2, 0, 0.1],
            [-0.75 , 1, 2, 0, 0.1],
            [-0.8 , 1, 2, 0, 0.1],
            [-0.85 , 1, 2, 0, 0.1],
            [-0.9 , 1, 2, 0, 0.1],
            [-0.95 , 1, 2, 0, 0.1],
            [-1 , 1, 2, 0, 0.1],
			#phase 1 of square
            [-1 , 0.95, 2, 0, 0.1],
            [-1 , 0.9, 2, 0, 0.1],
            [-1 , 0.85, 2, 0, 0.1],
            [-1 , 0.8, 2, 0, 0.1],
            [-1 , 0.75, 2, 0, 0.1],
            [-1 , 0.7, 2, 0, 0.1],
            [-1 , 0.65, 2, 0, 0.1],
            [-1 , 0.6, 2, 0, 0.1],
            [-1 , 0.55, 2, 0, 0.1],
            [-1 , 0.5,2, 0, 0.1],
            [-1 , 0.45, 2, 0, 0.1],
            [-1 , 0.4, 2, 0, 0.1],
            [-1 , 0.35, 2, 0, 0.1],
            [-1 , 0.3, 2, 0, 0.1],
            [-1 , 0.25, 2, 0, 0.1],
            [-1 , 0.2, 2, 0, 0.1],
            [-1 , 0.15, 2, 0, 0.1],
            [-1 , 0.05, 2, 0, 0.1],
            [-1 , 0, 2, 0, 0.1],
            [-1 , -0.05, 2, 0, 0.1],
            [-1 , -0.1, 2, 0, 0.1],
            [-1 , -0.15, 2, 0, 0.1],
            [-1 , -0.2, 2, 0, 0.1],
            [-1 , -0.25, 2, 0, 0.1],
            [-1 , -0.3, 2, 0, 0.1],
            [-1 , -0.35, 2, 0, 0.1],
            [-1 , -0.4, 2, 0, 0.1],
            [-1 , -0.45, 2, 0, 0.1],
            [-1 , -0.5,2, 0, 0.1],
            [-1 , -0.55, 2, 0, 0.1],
            [-1 , -0.6, 2, 0, 0.1],
            [-1 , -0.65, 2, 0, 0.1],
            [-1 , -0.7, 2, 0, 0.1],
            [-1 , -0.75, 2, 0, 0.1],
            [-1 , -0.8, 2, 0, 0.1],
            [-1 , -0.85, 2, 0, 0.1],
            [-1 , -0.95, 2, 0, 0.1],
            [-1 , -1, 2, 0, 0.1],
			#phase 2 of square
            [-0.95 , -1, 2, 0, 0.1],
            [-0.9 , -1, 2, 0, 0.1],
            [-0.85 , -1, 2, 0, 0.1],
            [-0.8 , -1, 2, 0, 0.1],
            [-0.75 , -1, 2, 0, 0.1],
            [-0.7 , -1, 2, 0, 0.1],
            [-0.65 , -1, 2, 0, 0.1],
            [-0.6 , -1, 2, 0, 0.1],
            [-0.55 , -1, 2, 0, 0.1],
            [-0.5 , -1, 2, 0, 0.1],
            [-0.45 , -1, 2, 0, 0.1],
            [-0.4 , -1, 2, 0, 0.1],
            [-0.35 , -1, 2, 0, 0.1],
            [-0.3 , -1, 2, 0, 0.1],
            [-0.25 , -1, 2, 0, 0.1],
            [-0.2 , -1, 2, 0, 0.1],
            [-0.15 , -1, 2, 0, 0.1],
            [-0.1 , -1, 2, 0, 0.1],
            [-0.05 , -1, 2, 0, 0.1],
            [0 , -1, 2, 0, 0.1],
            [0.05 , -1, 2, 0, 0.1],
            [0.1 , -1, 2, 0, 0.1],
            [0.15 , -1, 2, 0, 0.1],
            [0.2 , -1, 2, 0, 0.1],
            [0.25 , -1, 2, 0, 0.1],
            [0.3, -1, 2, 0, 0.1],
            [0.35 , -1, 2, 0, 0.1],
            [0.4 , -1, 2, 0, 0.1],
            [0.45 , -1, 2, 0, 0.1],
            [0.5 , -1, 2, 0, 0.1],
            [0.55 , -1, 2, 0, 0.1],
            [0.6 , -1, 2, 0, 0.1],
            [0.65 , -1, 2, 0, 0.1],
            [0.7 , -1, 2, 0, 0.1],
            [0.75 , -1, 2, 0, 0.1],
            [0.8 , -1, 2, 0, 0.1],
            [0.85 , -1, 2, 0, 0.1],
            [0.9 , -1, 2, 0, 0.1],
            [0.95 , -1, 2, 0, 0.1],
            [1 , -1, 2, 0, 0.1],
			#phase 3 of square 
            [1 , -0.95, 2, 0, 0.1],
            [1 , -0.9, 2, 0, 0.1],
            [1 , -0.85, 2, 0, 0.1],
            [1 , -0.8, 2, 0, 0.1],
            [1 , -0.75, 2, 0, 0.1],
            [1 , -0.7, 2, 0, 0.1],
            [1 , -0.65, 2, 0, 0.1],
            [1 , -0.6, 2, 0, 0.1],
            [1 , -0.55, 2, 0, 0.1],
            [1 , -0.5, 2, 0, 0.1],
            [1 , -0.45, 2, 0, 0.1],
            [1 , -0.4, 2, 0, 0.1],
            [1 , -0.35, 2, 0, 0.1],
            [1 , -0.3, 2, 0, 0.1],
            [1 , -0.25, 2, 0, 0.1],
            [1 , -0.2, 2, 0, 0.1],
            [1 , -0.15, 2, 0, 0.1],
            [1 , -0.1, 2, 0, 0.1],
            [1 , -0.05, 2, 0, 0.1],
            [1 , 0, 2, 0, 0.1],
            [1 , 0.05, 2, 0, 0.1],
            [1 , 0.1, 2, 0, 0.1],
            [1 , 0.15, 2, 0, 0.1],
            [1 , 0.2, 2, 0, 0.1],
            [1 , 0.25, 2, 0, 0.1],
            [1 , 0.3, 2, 0, 0.1],
            [1 , 0.35, 2, 0, 0.1],
            [1 , 0.4, 2, 0, 0.1],
            [1 , 0.45, 2, 0, 0.1],
            [1 , 0.5, 2, 0, 0.1],
            [1 , 0.55, 2, 0, 0.1],
            [1 , 0.6, 2, 0, 0.1],
            [1 , 0.65, 2, 0, 0.1],
            [1 , 0.7, 2, 0, 0.1],
            [1 , 0.75, 2, 0, 0.1],
            [1 , 0.8, 2, 0, 0.1],
            [1 , 0.85, 2, 0, 0.1],
            [1 , 0.9, 2, 0, 0.1],
            [1 , 0.95, 2, 0, 0.1],
            [1 , 1, 2, 0, 0.1],
			#phase 4 of square       
            [0.95 , 1, 2, 0, 0.1],
            [0.9 , 1, 2, 0, 0.1],
            [0.85 , 1, 2, 0, 0.1],
            [0.8 , 1, 2, 0, 0.1],
            [0.75 , 1, 2, 0, 0.1],
            [0.7 , 1, 2, 0, 0.1],   
            [0.65 , 1, 2, 0, 0.1],
            [0.6 , 1, 2, 0, 0.1],
            [0.55 , 1, 2, 0, 0.1],
            [0.5 , 1, 2, 0, 0.1],
            [0.45 , 1, 2, 0, 0.1],
            [0.4 , 1, 2, 0, 0.1],   
            [0.35 , 1, 2, 0, 0.1],
            [0.3 , 1, 2, 0, 0.1],
            [0.25 , 1, 2, 0, 0.1],
            [0.2 , 1, 2, 0, 0.1],
            [0.15 , 1, 2, 0, 0.1],
            [0.1 , 1, 2, 0, 0.1],   
            [0.05 , 1, 2, 0, 0.1],
            [0 , 1, 2, 0, 0.1],

			#phase 1 of cross
            [0 , 0.95, 2, 0, 0.1],
            [0 , 0.9, 2, 0, 0.1],
            [0 , 0.85, 2, 0, 0.1],
            [0 , 0.8, 2, 0, 0.1],
            [0 , 0.75, 2, 0, 0.1],
            [0 , 0.7, 2, 0, 0.1],
            [0 , 0.65, 2, 0, 0.1],
            [0 , 0.6, 2, 0, 0.1],
            [0 , 0.55, 2, 0, 0.1],
            [0 , 0.5,2, 0, 0.1],
            [0 , 0.45, 2, 0, 0.1],
            [0 , 0.4, 2, 0, 0.1],
            [0 , 0.35, 2, 0, 0.1],
            [0 , 0.3, 2, 0, 0.1],
            [0 , 0.25, 2, 0, 0.1],
            [0 , 0.2, 2, 0, 0.1],
            [0 , 0.15, 2, 0, 0.1],
            [0 , 0.05, 2, 0, 0.1],
            [0 , 0, 2, 0, 0.1],
            [0 , -0.05, 2, 0, 0.1],
            [0 , -0.1, 2, 0, 0.1],
            [0 , -0.15, 2, 0, 0.1],
            [0 , -0.2, 2, 0, 0.1],
            [0, -0.25, 2, 0, 0.1],
            [0 , -0.3, 2, 0, 0.1],
            [0 , -0.35, 2, 0, 0.1],
            [0 , -0.4, 2, 0, 0.1],
            [0 , -0.45, 2, 0, 0.1],
            [0 , -0.5,2, 0, 0.1],
            [0 , -0.55, 2, 0, 0.1],
            [0 , -0.6, 2, 0, 0.1],
            [0 , -0.65, 2, 0, 0.1],
            [0 , -0.7, 2, 0, 0.1],
            [0 , -0.75, 2, 0, 0.1],
            [0 , -0.8, 2, 0, 0.1],
            [0 , -0.85, 2, 0, 0.1],
            [0 , -0.95, 2, 0, 0.1],
            [0 , -1, 2, 0, 0.1],		
			#phase 2 of cross
            [-0.05 , -1, 2, 0, 0.1],
            [-0.1 , -1, 2, 0, 0.1],
            [-0.15 , -1, 2, 0, 0.1],
            [-0.2 , -1, 2, 0, 0.1],
            [-0.25 , -1, 2, 0, 0.1],
            [-0.3, -1, 2, 0, 0.1],
            [-0.35 , -1, 2, 0, 0.1],
            [-0.4 , -1, 2, 0, 0.1],
            [-0.45 , -1, 2, 0, 0.1],
            [-0.5 , -1, 2, 0, 0.1],
            [-0.55 , -1, 2, 0, 0.1],
            [-0.6 , -1, 2, 0, 0.1],
            [-0.65 , -1, 2, 0, 0.1],
            [-0.7 , -1, 2, 0, 0.1],
            [-0.75 , -1, 2, 0, 0.1],
            [-0.8 , -1, 2, 0, 0.1],
            [-0.85 , -1, 2, 0, 0.1],
            [-0.9 , -1, 2, 0, 0.1],
            [-0.95 , -1, 2, 0, 0.1],
            [-1 , -1, 2, 0, 0.1],	
			#phase 3 of cross
            [-1 , -0.95, 2, 0, 0.1],
            [-1 , -0.9, 2, 0, 0.1],
            [-1 , -0.85, 2, 0, 0.1],
            [-1 , -0.8, 2, 0, 0.1],
            [-1 , -0.75, 2, 0, 0.1],
            [-1 , -0.7, 2, 0, 0.1],
            [-1 , -0.65, 2, 0, 0.1],
            [-1 , -0.6, 2, 0, 0.1],
            [-1 , -0.55, 2, 0, 0.1],
            [-1 , -0.5,2, 0, 0.1],
            [-1 , -0.45, 2, 0, 0.1],
            [-1 , -0.4, 2, 0, 0.1],
            [-1 , -0.35, 2, 0, 0.1],
            [-1 , -0.3, 2, 0, 0.1],
            [-1 , -0.25, 2, 0, 0.1],
            [-1 , -0.2, 2, 0, 0.1],
            [-1 , -0.15, 2, 0, 0.1],
            [-1 , -0.05, 2, 0, 0.1],
            [-1 , 0, 2, 0, 0.1],
			#phase 4 of cross
            [-0.95 , 0, 2, 0, 0.1],
            [-0.9 , 0, 2, 0, 0.1],
            [-0.85 , 0, 2, 0, 0.1],
            [-0.8 , 0, 2, 0, 0.1],
            [-0.75 , 0, 2, 0, 0.1],
            [-0.7 , 0, 2, 0, 0.1],
            [-0.65 , 0, 2, 0, 0.1],
            [-0.6 , 0, 2, 0, 0.1],
            [-0.55 , 0, 2, 0, 0.1],
            [-0.5 , 0, 2, 0, 0.1],
            [-0.45 , 0, 2, 0, 0.1],
            [-0.4 , 0, 2, 0, 0.1],
            [-0.35 , 0, 2, 0, 0.1],
            [-0.3 , 0, 2, 0, 0.1],
            [-0.25 , 0, 2, 0, 0.1],
            [-0.2 , 0, 2, 0, 0.1],
            [-0.15 , 0, 2, 0, 0.1],
            [-0.1 , 0, 2, 0, 0.1],
            [-0.05 , 0, 2, 0, 0.1],
            [0 , 0, 2, 0, 0.1],
            [0.05 , 0, 2, 0, 0.1],
            [0.1 , 0, 2, 0, 0.1],
            [0.15 , 0, 2, 0, 0.1],
            [0.2 , 0, 2, 0, 0.1],
            [0.25 , 0, 2, 0, 0.1],
            [0.3, 0, 2, 0, 0.1],
            [0.35 , 0, 2, 0, 0.1],
            [0.4 , 0, 2, 0, 0.1],
            [0.45 , 0, 2, 0, 0.1],
            [0.5 , 0, 2, 0, 0.1],
            [0.55 , 0, 2, 0, 0.1],
            [0.6 , 0, 2, 0, 0.1],
            [0.65 , 0, 2, 0, 0.1],
            [0.7 , 0, 2, 0, 0.1],
            [0.75 , 0, 2, 0, 0.1],
            [0.8 , 0, 2, 0, 0.1],
            [0.85 , 0, 2, 0, 0.1],
            [0.9 , 0, 2, 0, 0.1],
            [0.95 , 0, 2, 0, 0.1],
            [1 , 0, 2, 0, 0.1],
