[0.000000 , -0.500000, 1.000000, 0.000000, 0.100000],
[-0.049917 , -0.497502, 1.006366, 0.000000, 0.100000],
[-0.099335 , -0.490033, 1.012732, 0.000000, 0.100000],
[-0.147760 , -0.477668, 1.019099, 0.000000, 0.100000],
[-0.194709 , -0.460530, 1.025465, 0.000000, 0.100000],
[-0.239713 , -0.438791, 1.031831, 0.000000, 0.100000],
[-0.282321 , -0.412668, 1.038197, 0.000000, 0.100000],
[-0.322109 , -0.382421, 1.044563, 0.000000, 0.100000],
[-0.358678 , -0.348353, 1.050930, 0.000000, 0.100000],
[-0.391663 , -0.310805, 1.057296, 0.000000, 0.100000],
[-0.420735 , -0.270151, 1.063662, 0.000000, 0.100000],
[-0.445604 , -0.226798, 1.070028, 0.000000, 0.100000],
[-0.466020 , -0.181179, 1.076394, 0.000000, 0.100000],
[-0.481779 , -0.133749, 1.082761, 0.000000, 0.100000],
[-0.492725 , -0.084984, 1.089127, 0.000000, 0.100000],
[-0.498747 , -0.035369, 1.095493, 0.000000, 0.100000],
[-0.499787 , 0.014600, 1.101859, 0.000000, 0.100000],
[-0.495832 , 0.064422, 1.108225, 0.000000, 0.100000],
[-0.486924 , 0.113601, 1.114592, 0.000000, 0.100000],
[-0.473150 , 0.161645, 1.120958, 0.000000, 0.100000],
[-0.454649 , 0.208073, 1.127324, 0.000000, 0.100000],
[-0.431605 , 0.252423, 1.133690, 0.000000, 0.100000],
[-0.404248 , 0.294251, 1.140056, 0.000000, 0.100000],
[-0.372853 , 0.333138, 1.146423, 0.000000, 0.100000],
[-0.337732 , 0.368697, 1.152789, 0.000000, 0.100000],
[-0.299236 , 0.400572, 1.159155, 0.000000, 0.100000],
[-0.257751 , 0.428444, 1.165521, 0.000000, 0.100000],
[-0.213690 , 0.452036, 1.171887, 0.000000, 0.100000],
[-0.167494 , 0.471111, 1.178254, 0.000000, 0.100000],
[-0.119625 , 0.485479, 1.184620, 0.000000, 0.100000],
[-0.070560 , 0.494996, 1.190986, 0.000000, 0.100000],
[-0.020790 , 0.499568, 1.197352, 0.000000, 0.100000],
[0.029187 , 0.499147, 1.203718, 0.000000, 0.100000],
[0.078873 , 0.493740, 1.210085, 0.000000, 0.100000],
[0.127771 , 0.483399, 1.216451, 0.000000, 0.100000],
[0.175392 , 0.468228, 1.222817, 0.000000, 0.100000],
[0.221260 , 0.448379, 1.229183, 0.000000, 0.100000],
[0.264918 , 0.424050, 1.235549, 0.000000, 0.100000],
[0.305929 , 0.395484, 1.241916, 0.000000, 0.100000],
[0.343883 , 0.362966, 1.248282, 0.000000, 0.100000],
[0.378401 , 0.326822, 1.254648, 0.000000, 0.100000],
[0.409139 , 0.287412, 1.261014, 0.000000, 0.100000],
[0.435788 , 0.245130, 1.267380, 0.000000, 0.100000],
[0.458083 , 0.200400, 1.273747, 0.000000, 0.100000],
[0.475801 , 0.153666, 1.280113, 0.000000, 0.100000],
[0.488765 , 0.105398, 1.286479, 0.000000, 0.100000],
[0.496846 , 0.056076, 1.292845, 0.000000, 0.100000],
[0.499962 , 0.006194, 1.299211, 0.000000, 0.100000],
[0.498082 , -0.043749, 1.305577, 0.000000, 0.100000],
[0.491226 , -0.093256, 1.311944, 0.000000, 0.100000],
[0.479462 , -0.141831, 1.318310, 0.000000, 0.100000],
[0.462907 , -0.188989, 1.324676, 0.000000, 0.100000],
[0.441727 , -0.234258, 1.331042, 0.000000, 0.100000],
[0.416134 , -0.277187, 1.337408, 0.000000, 0.100000],
[0.386382 , -0.317346, 1.343775, 0.000000, 0.100000],
[0.352770 , -0.354335, 1.350141, 0.000000, 0.100000],
[0.315633 , -0.387783, 1.356507, 0.000000, 0.100000],
[0.275343 , -0.417356, 1.362873, 0.000000, 0.100000],
[0.232301 , -0.442760, 1.369239, 0.000000, 0.100000],
[0.186938 , -0.463739, 1.375606, 0.000000, 0.100000],
[0.139708 , -0.480085, 1.381972, 0.000000, 0.100000],
[0.091081 , -0.491634, 1.388338, 0.000000, 0.100000],
[0.041545 , -0.498271, 1.394704, 0.000000, 0.100000],
[-0.008407 , -0.499929, 1.401070, 0.000000, 0.100000],
[-0.058275 , -0.496592, 1.407437, 0.000000, 0.100000],
[-0.107560 , -0.488294, 1.413803, 0.000000, 0.100000],
[-0.155771 , -0.475116, 1.420169, 0.000000, 0.100000],
[-0.202425 , -0.457192, 1.426535, 0.000000, 0.100000],
[-0.247057 , -0.434699, 1.432901, 0.000000, 0.100000],
[-0.289220 , -0.407863, 1.439268, 0.000000, 0.100000],
[-0.328493 , -0.376951, 1.445634, 0.000000, 0.100000],
[-0.364485 , -0.342273, 1.452000, 0.000000, 0.100000],
[-0.396834 , -0.304176, 1.458366, 0.000000, 0.100000],
[-0.425218 , -0.263039, 1.464732, 0.000000, 0.100000],
[-0.449354 , -0.219274, 1.471099, 0.000000, 0.100000],
[-0.469000 , -0.173318, 1.477465, 0.000000, 0.100000],
[-0.483960 , -0.125630, 1.483831, 0.000000, 0.100000],
[-0.494084 , -0.076687, 1.490197, 0.000000, 0.100000],
[-0.499272 , -0.026978, 1.496563, 0.000000, 0.100000],
[-0.499471 , 0.023001, 1.502930, 0.000000, 0.100000],
[-0.494679 , 0.072750, 1.509296, 0.000000, 0.100000],
[-0.484945 , 0.121772, 1.515662, 0.000000, 0.100000],
[-0.470365 , 0.169577, 1.522028, 0.000000, 0.100000],
[-0.451086 , 0.215688, 1.528394, 0.000000, 0.100000],
[-0.427299 , 0.259644, 1.534761, 0.000000, 0.100000],
[-0.399244 , 0.301006, 1.541127, 0.000000, 0.100000],
[-0.367199 , 0.339360, 1.547493, 0.000000, 0.100000],
[-0.331485 , 0.374323, 1.553859, 0.000000, 0.100000],
[-0.292459 , 0.405547, 1.560225, 0.000000, 0.100000],
[-0.250510 , 0.432718, 1.566592, 0.000000, 0.100000],
[-0.206059 , 0.455565, 1.572958, 0.000000, 0.100000],
[-0.159549 , 0.473861, 1.579324, 0.000000, 0.100000],
[-0.111445 , 0.487422, 1.585690, 0.000000, 0.100000],
[-0.062227 , 0.496113, 1.592056, 0.000000, 0.100000],
[-0.012388 , 0.499847, 1.598423, 0.000000, 0.100000],
[0.037576 , 0.498586, 1.604789, 0.000000, 0.100000],
[0.087163 , 0.492344, 1.611155, 0.000000, 0.100000],
[0.135880 , 0.481182, 1.617521, 0.000000, 0.100000],
[0.183240 , 0.465213, 1.623887, 0.000000, 0.100000],
[0.228768 , 0.444596, 1.630254, 0.000000, 0.100000],
[0.272011 , 0.419536, 1.636620, 0.000000, 0.100000],
[0.312535 , 0.390284, 1.642986, 0.000000, 0.100000],
[0.349937 , 0.357133, 1.649352, 0.000000, 0.100000],
[0.383843 , 0.320413, 1.655718, 0.000000, 0.100000],
[0.413913 , 0.280492, 1.662085, 0.000000, 0.100000],
[0.439848 , 0.237768, 1.668451, 0.000000, 0.100000],
[0.461388 , 0.192669, 1.674817, 0.000000, 0.100000],
[0.478318 , 0.145645, 1.681183, 0.000000, 0.100000],
[0.490468 , 0.097165, 1.687549, 0.000000, 0.100000],
[0.497718 , 0.047714, 1.693916, 0.000000, 0.100000],
[0.499995 , -0.002213, 1.700282, 0.000000, 0.100000],
[0.497276 , -0.052118, 1.706648, 0.000000, 0.100000],
[0.489589 , -0.101502, 1.713014, 0.000000, 0.100000],
[0.477010 , -0.149873, 1.719380, 0.000000, 0.100000],
[0.459664 , -0.196745, 1.725747, 0.000000, 0.100000],
[0.437726 , -0.241652, 1.732113, 0.000000, 0.100000],
[0.411414 , -0.284145, 1.738479, 0.000000, 0.100000],
[0.380992 , -0.323798, 1.744845, 0.000000, 0.100000],
[0.346763 , -0.360216, 1.751211, 0.000000, 0.100000],
[0.309069 , -0.393035, 1.757578, 0.000000, 0.100000],
[0.268286 , -0.421927, 1.763944, 0.000000, 0.100000],
[0.224824 , -0.446603, 1.770310, 0.000000, 0.100000],
[0.179115 , -0.466817, 1.776676, 0.000000, 0.100000],
[0.131616 , -0.482366, 1.783042, 0.000000, 0.100000],
[0.082802 , -0.493096, 1.789409, 0.000000, 0.100000],
[0.033161 , -0.498899, 1.795775, 0.000000, 0.100000],
[-0.016812 , -0.499717, 1.802141, 0.000000, 0.100000],
[-0.066616 , -0.495542, 1.808507, 0.000000, 0.100000],
[-0.115755 , -0.486416, 1.814873, 0.000000, 0.100000],
[-0.163737 , -0.472430, 1.821240, 0.000000, 0.100000],
[-0.210084 , -0.453723, 1.827606, 0.000000, 0.100000],
[-0.254331 , -0.430483, 1.833972, 0.000000, 0.100000],
[-0.296037 , -0.402942, 1.840338, 0.000000, 0.100000],
[-0.334785 , -0.371375, 1.846704, 0.000000, 0.100000],
[-0.370188 , -0.336097, 1.853070, 0.000000, 0.100000],
[-0.401892 , -0.297460, 1.859437, 0.000000, 0.100000],
[-0.429581 , -0.255852, 1.865803, 0.000000, 0.100000],
[-0.452977 , -0.211687, 1.872169, 0.000000, 0.100000],
[-0.471848 , -0.165407, 1.878535, 0.000000, 0.100000],
[-0.486004 , -0.117475, 1.884901, 0.000000, 0.100000],
[-0.495304 , -0.068369, 1.891268, 0.000000, 0.100000],
[-0.499655 , -0.018579, 1.897634, 0.000000, 0.100000],
[-0.499013 , 0.031396, 1.904000, 0.000000, 0.100000],
[-0.493386 , 0.081057, 1.910366, 0.000000, 0.100000],
[-0.482829 , 0.129909, 1.916732, 0.000000, 0.100000],
[-0.467448 , 0.177462, 1.923099, 0.000000, 0.100000],
[-0.447396 , 0.223242, 1.929465, 0.000000, 0.100000],
[-0.422873 , 0.266792, 1.935831, 0.000000, 0.100000],
[-0.394126 , 0.307676, 1.942197, 0.000000, 0.100000],
[-0.361441 , 0.345486, 1.948563, 0.000000, 0.100000],
[-0.325144 , 0.379844, 1.954930, 0.000000, 0.100000],
[-0.285598 , 0.410407, 1.961296, 0.000000, 0.100000],
[-0.243199 , 0.436868, 1.967662, 0.000000, 0.100000],
[-0.198370 , 0.458965, 1.974028, 0.000000, 0.100000],
[-0.151559 , 0.476476, 1.980394, 0.000000, 0.100000],
[-0.103234 , 0.489227, 1.986761, 0.000000, 0.100000],
[-0.053877 , 0.497089, 1.993127, 0.000000, 0.100000],
[-0.003982 , 0.499984, 1.999493, 0.000000, 0.100000],
