#x   ,   y,   z, yaw, sleep
            [0.0 , 0.5, 1.3, 0, 8],
            [-0.05 , 0.5, 1.3, 0, 0.1],
            [-0.1 , 0.5, 1.3, 0, 0.1],
            [-0.15 , 0.5, 1.3, 0, 0.1],
            [-0.2 , 0.5, 1.3, 0, 0.1],
            [-0.25 , 0.5, 1.3, 0, 0.1],
            [-0.3 , 0.5, 1.3, 0, 0.1],
            [-0.35 , 0.5, 1.3, 0, 0.1],
            [-0.4 , 0.5, 1.3, 0, 0.1],
            [-0.45 , 0.5, 1.3, 0, 0.1],
            [-0.5 , 0.5, 1.3, 0, 0.1],
			#phase 1 of square
            [-0.5 , 0.5, 1.3, 0, 0.1],
            [-0.5 , 0.45, 1.3, 0, 0.1],
            [-0.5 , 0.4, 1.3, 0, 0.1],
            [-0.5 , 0.35, 1.3, 0, 0.1],
            [-0.5 , 0.3, 1.3, 0, 0.1],
            [-0.5 , 0.25, 1.3, 0, 0.1],
            [-0.5 , 0.2, 1.3, 0, 0.1],
            [-0.5 , 0.15, 1.3, 0, 0.1],
            [-0.5 , 0.1, 1.3, 0, 0.1],
            [-0.5 , 0.05, 1.3, 0, 0.1],
            [-0.5 , 0, 1.3, 0, 0.1],
            [-0.5 , -0.05, 1.3, 0, 0.1],
            [-0.5 , -0.1, 1.3, 0, 0.1],
            [-0.5 , -0.15, 1.3, 0, 0.1],
            [-0.5 , -0.2, 1.3, 0, 0.1],
            [-0.5 , -0.25, 1.3, 0, 0.1],
            [-0.5 , -0.3, 1.3, 0, 0.1],
            [-0.5 , -0.35, 1.3, 0, 0.1],
            [-0.5 , -0.4, 1.3, 0, 0.1],
            [-0.5 , -0.45, 1.3, 0, 0.1],
            [-0.5 , -0.5, 1.3, 0, 0.1],
			#phase 2 of square
            [-0.45 , -0.5, 1.3, 0, 0.1],
            [-0.4 , -0.5, 1.3, 0, 0.1],
            [-0.35 , -0.5, 1.3, 0, 0.1],
            [-0.3 , -0.5, 1.3, 0, 0.1],
            [-0.25 , -0.5, 1.3, 0, 0.1],
            [-0.2 , -0.5, 1.3, 0, 0.1],
            [-0.15 , -0.5, 1.3, 0, 0.1],
            [-0.1 , -0.5, 1.3, 0, 0.1],
            [-0.05 , -0.5, 1.3, 0, 0.1],
            [0.0 , -0.5, 1.3, 0, 0.1],
            [0.05 , -0.5, 1.3, 0, 0.1],
            [0.1 , -0.5, 1.3, 0, 0.1],
            [0.15 , -0.5, 1.3, 0, 0.1],
            [0.2 , -0.5, 1.3, 0, 0.1],
            [0.25 , -0.5, 1.3, 0, 0.1],
            [0.3 , -0.5, 1.3, 0, 0.1],
            [0.35 , -0.5, 1.3, 0, 0.1],
            [0.4 , -0.5, 1.3, 0, 0.1],
            [0.45 , -0.5, 1.3, 0, 0.1],
            [0.5 , -0.5, 1.3, 0, 0.1],
			#phase 3 of square 
            [0.5 , -0.45, 1.3, 0, 0.1],
            [0.5 , -0.4, 1.3, 0, 0.1],
            [0.5 , -0.35, 1.3, 0, 0.1],
            [0.5 , -0.3, 1.3, 0, 0.1],
            [0.5 , -0.25, 1.3, 0, 0.1],
            [0.5 , -0.2, 1.3, 0, 0.1],
            [0.5 , -0.15, 1.3, 0, 0.1],
            [0.5 , -0.1, 1.3, 0, 0.1],
            [0.5 , -0.05, 1.3, 0, 0.1],
            [0.5 , -0, 1.3,0, 0.1],
            [0.5 , 0.05, 1.3, 0, 0.1],
            [0.5 , 0.1, 1.3, 0, 0.1],
            [0.5 , 0.15, 1.3, 0, 0.1],
            [0.5 , 0.2, 1.3, 0, 0.1],
            [0.5 , 0.25, 1.3, 0, 0.1],
            [0.5 , 0.3, 1.3, 0, 0.1],
            [0.5 , 0.35,1.3, 0, 0.1],
            [0.5 , 0.4, 1.3, 0, 0.1],
            [0.5 , 0.45, 1.3, 0, 0.1],
            [0.5 , 0.5, 1.3, 0, 0.1],
			#phase 4 of square            
            [0.45 , 0.5, 1.3, 0, 0.1],
            [0.4 , 0.5, 1.3, 0, 0.1],
            [0.35 , 0.5, 1.3, 0, 0.1],
            [0.3 , 0.5, 1.3, 0, 0.1],
            [0.25 , 0.5, 1.3, 0, 0.1],
            [0.2 , 0.5, 1.3, 0, 0.1],
            [0.15 , 0.5, 1.3, 0, 0.1],
            [0.1 , 0.5, 1.3, 0, 0.1],
            [0.05 , 0.5, 1.3, 0, 0.1],
            [0.0 , 0.5, 1.3, 0, 0.1],
			[-0.05 , 0.5, 1.3, 0, 0.1],
            [-0.1 , 0.5, 1.3, 0, 0.1],
            [-0.15 , 0.5, 1.3, 0, 0.1],
            [-0.2 , 0.5, 1.3, 0, 0.1],
            [-0.25 , 0.5, 1.3, 0, 0.1],
            [-0.3 , 0.5, 1.3, 0, 0.1],
            [-0.35 , 0.5, 1.3, 0, 0.1],
            [-0.4 , 0.5, 1.3, 0, 0.1],
            [-0.45 , 0.5, 1.3, 0, 0.1],
            [-0.5 , 0.5, 1.3, 0, 0.1],

			#cross right
            [-0.45 , 0.45, 1.3, 0, 0.1],
            [-0.4 , 0.4, 1.3, 0, 0.1],
            [-0.35 , 0.35, 1.3, 0, 0.1],
            [-0.3 , 0.3, 1.3, 0, 0.1],
            [-0.25 , 0.25, 1.3, 0, 0.1],
            [-0.2 , 0.2, 1.3, 0, 0.1],
            [-0.15 , 0.15, 1.3, 0, 0.1],
            [-0.1 , 0.1, 1.3, 0, 0.1],
            [-0.05 , 0.05, 1.3, 0, 0.1],
            [0.0 , 0, 1.3, 0, 0.1],
			[0.05 , -0.05, 1.3, 0, 0.1],
            [0.1 , -0.1, 1.3, 0, 0.1],
            [0.15 , -0.15, 1.3, 0, 0.1],
            [0.2 , -0.2, 1.3, 0, 0.1],
            [0.25 , -0.25, 1.3, 0, 0.1],
            [0.3 , -0.3, 1.3, 0, 0.1],
            [0.35 , -0.35, 1.3, 0, 0.1],
            [0.4 , -0.4, 1.3, 0, 0.1],
            [0.45 , -0.45, 1.3, 0, 0.1],
            [0.5 , -0.5, 1.3, 0, 0.1],

			#straight line
			[0.45 , -0.5, 1.3, 0, 0.1],
            [0.4 , -0.5, 1.3, 0, 0.1],
            [0.35 , -0.5, 1.3, 0, 0.1],
            [0.3 , -0.5, 1.3, 0, 0.1],
            [0.25 , -0.5, 1.3, 0, 0.1],
            [0.2 , -0.5, 1.3, 0, 0.1],
            [0.15 , -0.5, 1.3, 0, 0.1],
            [0.1 , -0.5, 1.3, 0, 0.1],
            [0.05 , -0.5, 1.3, 0, 0.1],
            [0.0 , -0.5, 1.3, 0, 0.1],
            [-0.05 , -0.5, 1.3, 0, 0.1],
            [-0.1 , -0.5, 1.3, 0, 0.1],
            [-0.15 , -0.5, 1.3, 0, 0.1],
            [-0.2 , -0.5, 1.3, 0, 0.1],
            [-0.25 , -0.5, 1.3, 0, 0.1],
            [-0.3 , -0.5, 1.3, 0, 0.1],
            [-0.35 , -0.5, 1.3, 0, 0.1],
            [-0.4 , -0.5, 1.3, 0, 0.1],
            [-0.45 , -0.5, 1.3, 0, 0.1],
            [-0.5 , -0.5, 1.3, 0, 0.1],

			#cross left
            [-0.45 , -0.45, 1.3, 0, 0.1],
            [-0.4 , -0.4, 1.3, 0, 0.1],
            [-0.35 , -0.35, 1.3, 0, 0.1],
            [-0.3 , -0.3, 1.3, 0, 0.1],
            [-0.25 , -0.25, 1.3, 0, 0.1],
            [-0.2 , -0.2, 1.3, 0, 0.1],
            [-0.15 , -0.15, 1.3, 0, 0.1],
            [-0.1 , -0.1, 1.3, 0, 0.1],
            [-0.05 , -0.05, 1.3, 0, 0.1],
            [0.0 , 0, 1.3, 0, 0.1],
			[0.05 , 0.05, 1.3, 0, 0.1],
            [0.1 , 0.1, 1.3, 0, 0.1],
            [0.15 , 0.15, 1.3, 0, 0.1],
            [0.2 , 0.2, 1.3, 0, 0.1],
            [0.25 , 0.25, 1.3, 0, 0.1],
            [0.3 , 0.3, 1.3, 0, 0.1],
            [0.35 , 0.35, 1.3, 0, 0.1],
            [0.4 , 0.4, 1.3, 0, 0.1],
            [0.45 , 0.45, 1.3, 0, 0.1],
            [0.5 , 0.5, 1.3, 0, 0.1],
