#!/usr/bin/env python
from demo import Demo

if __name__ == '__main__':
    demo = Demo(
        [
			#x   ,   y,   z, yaw, sleep
            [0.0 , 0.65, 2, 0, 8],
            [-0.05 , 0.65, 2, 0, 0.1],
            [-0.1 , 0.65, 2, 0, 0.1],
            [-0.15 , 0.65, 2, 0, 0.1],
            [-0.2 , 0.65, 2, 0, 0.1],
            [-0.25 , 0.65, 2, 0, 0.1],
            [-0.3 , 0.65, 2, 0, 0.1],
            [-0.35 , 0.65, 2, 0, 0.1],
            [-0.4 , 0.65, 2, 0, 0.1],
            [-0.45 , 0.65, 2, 0, 0.1],
            [-0.5 , 0.65, 2, 0, 0.1],
            [-0.55 , 0.65, 2, 0, 0.1],
            [-0.6 , 0.65, 2, 0, 0.1],
            [-0.65 , 0.65, 2, 0, 0.1],
			#phase 1 of square
            [-0.65 , 0.6, 2, 0, 0.1],
            [-0.65 , 0.55, 2, 0, 0.1],
            [-0.65 , 0.5, 2, 0, 0.1],
            [-0.65 , 0.45, 2, 0, 0.1],
            [-0.65 , 0.4, 2, 0, 0.1],
            [-0.65 , 0.35, 2, 0, 0.1],
            [-0.65 , 0.3, 2, 0, 0.1],
            [-0.65 , 0.25, 2, 0, 0.1],
            [-0.65 , 0.2, 2, 0, 0.1],
            [-0.65 , 0.15, 2, 0, 0.1],
            [-0.65 , 0.1, 2, 0, 0.1],
            [-0.65 , 0.05, 2, 0, 0.1],
            [-0.65 , 0, 2, 0, 0.1],
            [-0.65 , -0.05, 2, 0, 0.1],
            [-0.65 , -0.1, 2, 0, 0.1],
            [-0.65 , -0.15, 2, 0, 0.1],
            [-0.65 , -0.2, 2, 0, 0.1],
            [-0.65 , -0.25, 2, 0, 0.1],
            [-0.65 , -0.3, 2, 0, 0.1],
            [-0.65 , -0.35, 2, 0, 0.1],
            [-0.65 , -0.4, 2, 0, 0.1],
            [-0.65 , -0.45, 2, 0, 0.1],
            [-0.65 , -0.5, 2, 0, 0.1],
            [-0.65 , -0.55, 2, 0, 0.1],
            [-0.65 , -0.6, 2, 0, 0.1],
            [-0.65 , -0.65, 2, 0, 0.1],
			#phase 2 of square
            [-0.6 , -0.65, 2, 0, 0.1],
            [-0.55 , -0.65, 2, 0, 0.1],
            [-0.5 , -0.65, 2, 0, 0.1],
            [-0.45 , -0.65, 2, 0, 0.1],
            [-0.4 , -0.65, 2, 0, 0.1],
            [-0.35 , -0.65, 2, 0, 0.1],
            [-0.3 , -0.65, 2, 0, 0.1],
            [-0.25 , -0.65, 2, 0, 0.1],
            [-0.2 , -0.65, 2, 0, 0.1],
            [-0.15 , -0.65, 2, 0, 0.1],
            [-0.1 , -0.65, 2, 0, 0.1],
            [-0.05 , -0.65, 2, 0, 0.1],
            [0.0 , -0.65, 2, 0, 0.1],
            [0.05 , -0.65, 2, 0, 0.1],
            [0.1 , -0.65, 2, 0, 0.1],
            [0.15 , -0.65, 2, 0, 0.1],
            [0.2 , -0.65, 2, 0, 0.1],
            [0.25 , -0.65, 2, 0, 0.1],
            [0.3 , -0.65, 2, 0, 0.1],
            [0.35 , -0.65, 2, 0, 0.1],
            [0.4 , -0.65, 2, 0, 0.1],
            [0.45 , -0.65, 2, 0, 0.1],
            [0.5 , -0.65, 2, 0, 0.1],
            [0.55 , -0.65, 2, 0, 0.1],
            [0.6 , -0.65, 2, 0, 0.1],
            [0.65 , -0.65, 2, 0, 0.1],
			#phase 3 of square 
            [0.65 , -0.6, 2, 0, 0.1],
            [0.65 , -0.55, 2, 0, 0.1],
            [0.65 , -0.5, 2, 0, 0.1],
            [0.65 , -0.45, 2, 0, 0.1],
            [0.65 , -0.4, 2, 0, 0.1],
            [0.65 , -0.35, 2, 0, 0.1],
            [0.65 , -0.3, 2, 0, 0.1],
            [0.65 , -0.25, 2, 0, 0.1],
            [0.65 , -0.2, 2, 0, 0.1],
            [0.65 , -0.15, 2, 0, 0.1],
            [0.65 , -0.1, 2, 0, 0.1],
            [0.65 , -0.05, 2, 0, 0.1],
            [0.65 , -0, 2, 0, 0.1],
            [0.65 , 0.05, 2, 0, 0.1],
            [0.65 , 0.1, 2, 0, 0.1],
            [0.65 , 0.15, 2, 0, 0.1],
            [0.65 , 0.2, 2, 0, 0.1],
            [0.65 , 0.25, 2, 0, 0.1],
            [0.65 , 0.3, 2, 0, 0.1],
            [0.65 , 0.35, 2, 0, 0.1],
            [0.65 , 0.4, 2, 0, 0.1],
            [0.65 , 0.45, 2, 0, 0.1],
            [0.65 , 0.5, 2, 0, 0.1],
            [0.65 , 0.55, 2, 0, 0.1],
            [0.65 , 0.6, 2, 0, 0.1],
            [0.65 , 0.65, 2, 0, 0.1],
			#phase 4 of square   
            [0.6 , 0.65, 2, 0, 0.1],
            [0.55 , 0.65, 2, 0, 0.1],
            [0.5 , 0.65, 2, 0, 0.1],         
            [0.45 , 0.65, 2, 0, 0.1],
            [0.4 , 0.65, 2, 0, 0.1],
            [0.35 , 0.65, 2, 0, 0.1],
            [0.3 , 0.65, 2, 0, 0.1],
            [0.25 , 0.65, 2, 0, 0.1],
            [0.2 , 0.65, 2, 0, 0.1],
            [0.15 , 0.65, 2, 0, 0.1],
            [0.1 , 0.65, 2, 0, 0.1],
            [0.05 , 0.65, 2, 0, 0.1],
            [0.0 , 0.65, 2, 0, 0.1],
			[-0.05 , 0.65, 2, 0, 0.1],
            [-0.1 , 0.65, 2, 0, 0.1],
            [-0.15 , 0.65, 2, 0, 0.1],
            [-0.2 , 0.65, 2, 0, 0.1],
            [-0.25 , 0.65, 2, 0, 0.1],
            [-0.3 , 0.65, 2, 0, 0.1],
            [-0.35 , 0.65, 2, 0, 0.1],
            [-0.4 , 0.65, 2, 0, 0.1],
            [-0.45 , 0.65, 2, 0, 0.1],
            [-0.5 , 0.65, 2, 0, 0.1],
            [-0.55 , 0.65, 2, 0, 0.1],
            [-0.6 , 0.65, 2, 0, 0.1],
            [-0.65 , 0.65, 2, 0, 0.1],
			#cross right
            [-0.6 , 0.6, 2, 0, 0.1],
            [-0.55 , 0.55, 2, 0, 0.1],
            [-0.5 , 0.5, 2, 0, 0.1],
            [-0.45 , 0.45, 2, 0, 0.1],
            [-0.4 , 0.4, 2, 0, 0.1],
            [-0.35 , 0.35, 2, 0, 0.1],
            [-0.3 , 0.3, 2, 0, 0.1],
            [-0.25 , 0.25, 2, 0, 0.1],
            [-0.2 , 0.2, 2, 0, 0.1],
            [-0.15 , 0.15, 2, 0, 0.1],
            [-0.1 , 0.1, 2, 0, 0.1],
            [-0.05 , 0.05, 2, 0, 0.1],
            [0.0 , 0, 2, 0, 0.1],
			[0.05 , -0.05, 2, 0, 0.1],
            [0.1 , -0.1, 2, 0, 0.1],
            [0.15 , -0.15, 2, 0, 0.1],
            [0.2 , -0.2, 2, 0, 0.1],
            [0.25 , -0.25, 2, 0, 0.1],
            [0.3 , -0.3, 2, 0, 0.1],
            [0.35 , -0.35, 2, 0, 0.1],
            [0.4 , -0.4, 2, 0, 0.1],
            [0.45 , -0.45, 2, 0, 0.1],
            [0.5 , -0.5, 2, 0, 0.1],
            [0.55 , -0.55, 2, 0, 0.1],
            [0.6 , -0.6, 2, 0, 0.1],
            [0.65 , -0.65, 2, 0, 0.1],
			#straight line
			[0.6 , -0.65, 2, 0, 0.1],
            [0.55 , -0.65, 2, 0, 0.1],
            [0.5 , -0.65, 2, 0, 0.1],
			[0.45 , -0.65, 2, 0, 0.1],
            [0.4 , -0.65, 2, 0, 0.1],
            [0.35 , -0.65, 2, 0, 0.1],
            [0.3 , -0.65, 2, 0, 0.1],
            [0.25 , -0.65, 2, 0, 0.1],
            [0.2 , -0.65, 2, 0, 0.1],
            [0.15 , -0.65, 2, 0, 0.1],
            [0.1 , -0.65, 2, 0, 0.1],
            [0.05 , -0.65, 2, 0, 0.1],
            [0.0 , -0.65, 2, 0, 0.1],
            [-0.05 , -0.65, 2, 0, 0.1],
            [-0.1 , -0.65, 2, 0, 0.1],
            [-0.15 , -0.65, 2, 0, 0.1],
            [-0.2 , -0.65, 2, 0, 0.1],
            [-0.25 , -0.65, 2, 0, 0.1],
            [-0.3 , -0.65, 2, 0, 0.1],
            [-0.35 , -0.65, 2, 0, 0.1],
            [-0.4 , -0.65, 2, 0, 0.1],
            [-0.45 , -0.65, 2, 0, 0.1],
            [-0.5 , -0.65, 2, 0, 0.1],
            [-0.55 , -0.65, 2, 0, 0.1],
            [-0.6 , -0.65, 2, 0, 0.1],
            [-0.65 , -0.65, 2, 0, 0.1],
			#cross left
            [-0.6 , -0.6, 2, 0, 0.1],
            [-0.55 , -0.55, 2, 0, 0.1],
            [-0.5 , -0.5, 2, 0, 0.1],
            [-0.45 , -0.45, 2, 0, 0.1],
            [-0.4 , -0.4, 2, 0, 0.1],
            [-0.35 , -0.35, 2, 0, 0.1],
            [-0.3 , -0.3, 2, 0, 0.1],
            [-0.25 , -0.25, 2, 0, 0.1],
            [-0.2 , -0.2, 2, 0, 0.1],
            [-0.15 , -0.15, 2, 0, 0.1],
            [-0.1 , -0.1, 2, 0, 0.1],
            [-0.05 , -0.05, 2, 0, 0.1],
            [0.0 , 0, 2, 0, 0.1],
			[0.05 , 0.05, 2, 0, 0.1],
            [0.1 , 0.1, 2, 0, 0.1],
            [0.15 , 0.15, 2, 0, 0.1],
            [0.2 , 0.2, 2, 0, 0.1],
            [0.25 , 0.25, 2, 0, 0.1],
            [0.3 , 0.3, 2, 0, 0.1],
            [0.35 , 0.35, 2, 0, 0.1],
            [0.4 , 0.4, 2, 0, 0.1],
            [0.45 , 0.45, 2, 0, 0.1],
            [0.5 , 0.5, 2, 0, 0.1],
            [0.55 , 0.55, 2, 0, 0.1],
            [0.6 , 0.6, 2, 0, 0.1],
            [0.65 , 0.65, 2, 0, 0.1],
        ]
    )
    demo.run()
