//Just a square            


#x   ,   y,   z, yaw, sleep
            [0.0 , 0.5, 2, 0, 8],
            [-0.05 , 0.5, 2, 0.3, 0.1],
            [-0.1 , 0.5, 2, 0.3, 0.1],
            [-0.15 , 0.5, 2, 0.6, 0.1],
            [-0.2 , 0.5, 2, 0.6, 0.1],
            [-0.25 , 0.5, 2, 0.9, 0.1],
            [-0.3 , 0.5, 2, 0.9, 0.1],
            [-0.35 , 0.5, 2, 1.2, 0.1],
            [-0.4 , 0.5, 2, 1.2, 0.1],
            [-0.45 , 0.5, 2, 1.57, 0.1],
            [-0.5 , 0.5, 2, 1.57, 0.1],
			#phase 1 of square
            [-0.5 , 0.5, 2, 1.87, 0.1],
            [-0.5 , 0.45, 2, 1.87, 0.1],
            [-0.5 , 0.4, 2, 2, 0.1],
            [-0.5 , 0.35, 2, 2, 0.1],
            [-0.5 , 0.3, 2, 2.15, 0.1],
            [-0.5 , 0.25, 2, 2.15, 0.1],
            [-0.5 , 0.2, 2, 2.3, 0.1],
            [-0.5 , 0.15, 2, 2.3, 0.1],
            [-0.5 , 0.1, 2, 2.5, 0.1],
            [-0.5 , 0.05, 2, 2.5, 0.1],
            [-0.5 , 0, 2, 2.7, 0.1],
            [-0.5 , -0.05, 2.7, 0, 0.1],
            [-0.5 , -0.1, 2.7, 0, 0.1],
            [-0.5 , -0.15, 2.7, 0, 0.1],
            [-0.5 , -0.2, 2.9, 0, 0.1],
            [-0.5 , -0.25, 2.9, 0, 0.1],
            [-0.5 , -0.3, 2.9, 0, 0.1],
            [-0.5 , -0.35, 3.14, 0, 0.1],
            [-0.5 , -0.4, 3.14, 0, 0.1],
            [-0.5 , -0.45, 3.14, 0, 0.1],
            [-0.5 , -0.5, 3.14, 0, 0.1],
			#phase 2 of square
            [-0.45 , -0.5, 2, 3.3, 0.1],
            [-0.4 , -0.5, 2, 3.3, 0.1],
            [-0.35 , -0.5, 2, 3.3, 0.1],
            [-0.3 , -0.5, 2, 3.3, 0.1],
            [-0.25 , -0.5, 2, 3.5, 0.1],
            [-0.2 , -0.5, 2, 3.5, 0.1],
            [-0.15 , -0.5, 2, 3.5, 0.1],
            [-0.1 , -0.5, 2, 3.7, 0.1],
            [-0.05 , -0.5, 2, 3.7, 0.1],
            [0.0 , -0.5, 2, 3.7, 0.1],
            [0.05 , -0.5, 2, 3.9, 0.1],
            [0.1 , -0.5, 2, 3.9, 0.1],
            [0.15 , -0.5, 2, 3.9, 0.1],
            [0.2 , -0.5, 2, 4.1, 0.1],
            [0.25 , -0.5, 2, 4.1, 0.1],
            [0.3 , -0.5, 2, 4.3, 0.1],
            [0.35 , -0.5, 2, 4.3, 0.1],
            [0.4 , -0.5, 2, 4.5, 0.1],
            [0.45 , -0.5, 2, 4.5, 0.1],
            [0.5 , -0.5, 2, 4.71, 0.1],
			#phase 3 of square 
            [0.5 , -0.45, 2, 4.9, 0.1],
            [0.5 , -0.4, 2, 4.9, 0.1],
            [0.5 , -0.35, 2, 4.9, 0.1],
            [0.5 , -0.3, 2, 5.1, 0.1],
            [0.5 , -0.25, 2, 5.1, 0.1],
            [0.5 , -0.2, 2, 5.1, 0.1],
            [0.5 , -0.15, 2, 5.3, 0.1],
            [0.5 , -0.1, 2, 5.3, 0.1],
            [0.5 , -0.05, 2, 5.3, 0.1],
            [0.5 , -0, 2, 5.5,0.1],
            [0.5 , 0.05, 2, 5.5, 0.1],
            [0.5 , 0.1, 2, 5.7, 0.1],
            [0.5 , 0.15, 2, 5.7, 0.1],
            [0.5 , 0.2, 2, 5.9, 0.1],
            [0.5 , 0.25, 5.9, 0, 0.1],
            [0.5 , 0.3, 5.9, 0, 0.1],
            [0.5 , 0.35, 6.1, 0, 0.1],
            [0.5 , 0.4, 6.1, 0, 0.1],
            [0.5 , 0.45, 6.28, 0, 0.1],
            [0.5 , 0.5, 2, 6.28, 0.1],
			#phase 4 of square            
            [0.45 , 0.5, 2, 6.5, 0.1],
            [0.4 , 0.5, 2, 6.5, 0.1],
            [0.35 , 0.5, 2, 6.5, 0.1],
            [0.3 , 0.5, 2, 6.7, 0.1],
            [0.25 , 0.5, 2, 6.7, 0.1],
            [0.2 , 0.5, 2, 6.7, 0.1],
            [0.15 , 0.5, 2, 6.7, 0.1],
            [0.1 , 0.5, 2, 6.9, 0.1],
            [0.05 , 0.5, 2, 6.9, 0.1],
            [0.0 , 0.5, 2, 7.1, 0.1],
			[-0.05 , 0.5, 2, 7.1, 0.1],
            [-0.1 , 0.5, 2, 7.1, 0.1],
            [-0.15 , 0.5, 2, 7.1, 0.1],
            [-0.2 , 0.5, 2, 7.3, 0.1],
            [-0.25 , 0.5, 2, 7.3, 0.1],
            [-0.3 , 0.5, 2, 7.3, 0.1],
            [-0.35 , 0.5, 2, 7.5, 0.1],
            [-0.4 , 0.5, 2, 7.5, 0.1],
            [-0.45 , 0.5, 2, 7.85, 0.1],
            [-0.5 , 0.5, 2, 7.85, 0.1],
